11 11 11 11 11 11
11 11 11 11 11 11
11 11 13 13 11 11
11 11 11 11 11 11
11 11 11 13 13 13
11 11 11 11 11 11
11 11 11 11 11 11
11 11 11 11 11 11
11 11 11 11 11 11
11 11 11 11 11 11
11 11 11 11 11 11
11 11 11 11 11 11
9 9 9 9 9 9
9 9 9 9 9 9
9 9 9 9 9 9
9 9 9 9 9 9
9 9 9 9 9 9
9 9 9 9 9 9
9 9 9 9 9 9
11 11 11 11 11 11
9 9 9 9 9 9
11 11 11 11 11 11
11 11 11 11 11 11
9 9 9 9 9 9
9 9 9 9 9 9
11 11 11 11 11 11
11 11 11 11 11 11
9 9 9 9 9 9
11 11 11 11 11 13
11 11 11 11 11 11
9 9 9 9 9 9
9 9 9 9 9 9
9 9 9 9 9 9
10 10 10 10 10 10
9 9 9 9 9 9
9 9 9 9 9 9
10 10 10 10 10 10
10 10 10 10 10 13
9 13 13 13 13 13
9 9 9 9 9 9
10 10 10 10 10 13
9 9 9 9 9 9
2 2 2 2 2 2
9 9 9 9 9 9
10 10 10 10 10 13
10 10 10 10 10 13
10 10 10 10 10 13
10 10 10 10 10 10
10 10 10 10 10 10
10 10 10 10 10 13
10 10 10 10 10 13
10 10 10 10 10 10
10 10 10 10 10 10
10 10 10 10 10 10
10 10 10 10 10 10
3 3 3 3 3 3
3 3 3 3 3 3
3 3 3 3 3 3
3 3 3 3 3 3
3 3 3 3 3 3
3 3 3 3 3 3
11 11 11 11 11 11
3 13 3 3 3 3
3 3 3 3 3 3
3 3 3 3 3 3
3 3 3 3 3 3
3 3 3 3 3 3
11 11 11 11 11 11
3 3 3 3 3 3
3 3 3 3 3 3
11 11 11 11 11 11
11 11 11 11 11 11
3 3 3 3 3 3
6 6 6 6 6 13
12 13 12 12 12 12
12 12 12 12 12 12
12 12 12 12 12 12
12 13 12 12 12 12
12 12 12 12 12 12
12 12 12 12 12 12
12 13 12 12 12 12
10 10 10 10 10 13
12 12 12 12 12 12
12 12 12 12 12 12
6 6 6 6 6 13
6 6 6 6 6 13
13 9 9 9 9 9
12 13 12 12 12 12
12 13 12 12 12 12
13 13 13 12 12 12
12 12 12 12 12 12
12 13 12 12 12 12
2 2 2 2 2 2
2 2 2 2 2 13
5 5 5 5 5 5
5 5 5 5 5 5
5 5 5 5 5 5
5 5 5 5 5 5
5 5 5 5 5 5
5 5 5 5 5 5
2 2 2 2 2 2
5 5 5 5 5 5
5 5 5 5 5 5
5 5 5 5 5 5
5 5 5 5 5 5
5 5 5 5 5 5
5 5 5 5 5 5
5 5 5 5 5 5
5 5 5 5 5 5
3 3 3 3 3 3
5 5 5 5 5 5
5 5 5 5 5 5
5 5 5 5 5 5
5 5 5 5 5 5
5 5 5 5 5 5
5 5 5 5 5 5
3 3 3 3 3 3
1 1 1 1 1 1
1 1 1 1 1 1
10 10 10 10 10 10
1 1 1 1 1 1
3 3 3 3 3 3
1 1 1 1 1 1
2 2 2 2 2 2
1 1 1 1 1 1
7 7 7 7 7 7
3 3 3 3 3 3
1 1 1 1 1 1
8 8 8 8 8 8
13 13 13 1 1 1
1 1 1 1 1 1
8 8 8 8 8 8
8 8 8 8 8 8
8 8 8 8 8 8
8 8 8 8 8 8
3 3 3 3 3 3
10 10 10 10 10 10
3 3 3 3 3 3
1 1 1 1 1 1
3 3 3 13 13 13
8 8 8 8 8 8
8 8 8 8 8 8
1 1 1 1 1 1
8 8 8 8 8 8
1 1 1 1 1 1
13 13 13 3 3 3
2 2 2 2 2 2
2 2 2 2 2 2
8 8 8 8 8 8
1 1 1 1 1 1
13 13 13 11 11 11
13 9 9 9 9 9
7 7 7 7 7 7
2 2 2 2 2 2
7 7 7 7 7 7
7 7 7 7 7 7
7 7 7 7 7 7
7 7 7 7 7 7
8 8 8 8 8 8
7 7 7 7 7 7
5 5 5 5 5 5
7 7 7 7 7 7
7 7 7 7 7 7
7 7 7 7 7 7
7 7 7 7 7 7
7 7 7 7 13 7
7 7 7 7 7 7
7 7 7 7 7 7
7 7 7 7 7 7
5 5 5 5 5 5
8 8 8 8 8 8
8 8 8 8 8 8
7 7 7 7 7 7
7 7 7 7 7 7
7 7 7 7 7 7
13 7 7 7 7 7
7 7 7 7 7 7
8 8 8 8 8 8
7 7 7 7 7 7
10 10 10 10 10 10
7 7 7 7 7 7
13 13 13 7 7 7
8 8 8 8 8 8
8 8 8 8 8 8
6 6 6 6 6 13
6 6 6 6 6 6
6 6 6 6 6 13
6 6 6 6 6 13
8 8 8 8 8 8
10 10 10 10 10 13
6 6 6 6 6 6
6 6 6 6 6 13
8 8 8 8 8 8
6 6 6 6 6 6
8 8 8 8 8 8
4 4 4 4 4 4
6 6 6 6 6 13
8 8 8 8 8 8
6 6 6 6 6 6
6 6 6 6 6 13
10 10 10 10 10 10
8 8 8 8 8 8
8 8 8 8 8 8
6 6 6 6 6 6
1 1 1 1 1 1
2 13 2 2 2 2
1 1 1 1 1 1
1 1 1 1 1 13
6 6 6 6 6 6
1 1 1 1 1 1
8 8 8 8 8 8
1 1 1 1 1 1
1 1 1 1 1 1
6 6 6 6 6 13
6 6 6 6 6 6
1 1 1 1 1 1
1 1 1 1 1 1
6 6 6 6 6 13
1 1 1 1 1 1
6 6 6 6 6 6
1 1 1 1 1 1
6 6 6 6 6 13
1 1 1 1 1 1
1 1 1 1 1 1
6 6 6 13 13 13
6 6 6 6 6 6
1 1 1 1 1 1
1 1 1 1 1 1
12 12 12 12 12 12
12 13 12 12 12 12
12 13 12 12 12 12
5 5 5 5 5 5
8 8 8 8 8 8
13 13 13 4 4 13
12 12 12 12 12 12
5 5 5 5 5 5
12 13 12 12 12 12
12 12 12 12 12 12
12 13 12 12 12 12
12 13 12 12 12 12
5 5 5 5 5 13
4 13 4 4 4 4
